# J7=64  A1=0 A2=16  A=[0, 16, 160, 176, 64, 48, 32, 0]
00000000
11100000
10011000
01111000
01010100
10110100
11001100
00101100
11010010
00110010
01001010
10101010
10000110
01100110
00011110
11111110
10000001
01110001
01001001
10111001
00100101
11010101
11101101
00011101
11100011
00010011
00101011
11011011
01000111
10110111
10001111
01111111
# J7=128  A1=0 A2=16  A=[0, 16, 160, 176, 64, 48, 32, 0]
00000000
11100000
10011000
01111000
01010100
10110100
11001100
00101100
11010010
00110010
01001010
10101010
10000110
01100110
00011110
11111110
10000001
01110001
11101001
00011001
00100101
11010101
01001101
10111101
01000011
10110011
00101011
11011011
11100111
00010111
10001111
01111111
# J7=256  A1=0 A2=16  A=[0, 16, 160, 176, 64, 48, 32, 0]
00000000
11100000
10011000
01111000
01010100
10110100
11001100
00101100
11010010
00110010
01001010
10101010
10000110
01100110
00011110
11111110
10000001
01100001
00011001
11111001
11010101
00110101
01001101
10101101
01010011
10110011
11001011
00101011
00000111
11100111
10011111
01111111
