p= 3 n=4 q=   81 d=   10 |G|=  10 deg_gs=  2 |R*|= 2 R*=(1, 0, 0, 0),(2, 0, 0, 0) wit=- conj=CAP    truth=CAP    OK
p= 3 n=4 q=   81 d=   16 |G|=  16 deg_gs=  8 |R*|= 8 R*=(1, 0, 0, 0),(1, 1, 2, 0),(0, 2, 1, 0),(1, 2, 1, 0),(2, 0, 0, 0),(2, 2, 1, 0),(0, 1, 2, 0),(2, 1, 2, 0) wit=(1, 1, 2, 0)->(1, 2, 1, 0);(0, 2, 1, 0)->(2, 1, 2, 0) conj=NONCAP truth=NONCAP OK
p= 3 n=4 q=   81 d=   20 |G|=  20 deg_gs=  2 |R*|= 2 R*=(1, 0, 0, 0),(2, 0, 0, 0) wit=- conj=CAP    truth=CAP    OK
p= 3 n=5 q=  243 d=   22 |G|=  22 deg_gs=  2 |R*|= 2 R*=(1, 0, 0, 0, 0),(2, 0, 0, 0, 0) wit=- conj=CAP    truth=CAP    OK
p= 3 n=6 q=  729 d=   14 |G|=  14 deg_gs=  2 |R*|= 2 R*=(1, 0, 0, 0, 0, 0),(2, 0, 0, 0, 0, 0) wit=- conj=CAP    truth=CAP    OK
p= 3 n=6 q=  729 d=   28 |G|=  28 deg_gs=  4 |R*|= 4 R*=(1, 0, 0, 0, 0, 0),(0, 0, 2, 1, 0, 0),(2, 0, 0, 0, 0, 0),(0, 0, 1, 2, 0, 0) wit=- conj=CAP    truth=CAP    OK
p= 3 n=6 q=  729 d=   52 |G|=  52 deg_gs= 26 |R*|=26 R*=(1, 0, 0, 0, 0, 0),(0, 1, 1, 1, 2, 2),(1, 2, 1, 1, 0, 0),(0, 2, 1, 1, 0, 0),(0, 1, 0, 0, 1, 1),(2, 2, 2, 2, 1, 1),(2, 0, 1, 1, 1, 1),(2, 2, 1, 1, 0, 0),(0, 0, 2, 2, 2, 2),(1, 0, 1, 1, 1, 1),(2, 1, 0, 0, 1, 1),(2, 1, 1, 1, 2, 2),(1, 1, 0, 0, 1, 1),(2, 0, 0, 0, 0, 0),(0, 2, 2, 2, 1, 1),(2, 1, 2, 2, 0, 0),(0, 1, 2, 2, 0, 0),(0, 2, 0, 0, 2, 2),(1, 1, 1, 1, 2, 2),(1, 0, 2, 2, 2, 2),(1, 1, 2, 2, 0, 0),(0, 0, 1, 1, 1, 1),(2, 0, 2, 2, 2, 2),(1, 2, 0, 0, 2, 2),(1, 2, 2, 2, 1, 1),(2, 2, 0, 0, 2, 2) wit=(0, 1, 1, 1, 2, 2)->(2, 2, 2, 2, 1, 1);(1, 2, 1, 1, 0, 0)->(1, 1, 2, 2, 0, 0) conj=NONCAP truth=NONCAP OK
p= 3 n=6 q=  729 d=   56 |G|=  56 deg_gs=  8 |R*|= 8 R*=(1, 0, 0, 0, 0, 0),(2, 0, 2, 1, 0, 0),(0, 0, 2, 1, 0, 0),(2, 0, 1, 2, 0, 0),(2, 0, 0, 0, 0, 0),(1, 0, 1, 2, 0, 0),(0, 0, 1, 2, 0, 0),(1, 0, 2, 1, 0, 0) wit=(2, 0, 2, 1, 0, 0)->(0, 0, 1, 2, 0, 0);(0, 0, 2, 1, 0, 0)->(2, 0, 1, 2, 0, 0) conj=NONCAP truth=NONCAP OK
p= 3 n=6 q=  729 d=   91 |G|=  91 deg_gs= 31 |R*|=31 R*=(1, 0, 0, 0, 0, 0),(0, 1, 0, 1, 1, 2),(1, 2, 0, 2, 1, 0),(1, 2, 1, 1, 0, 0),(2, 0, 2, 2, 2, 1),(0, 1, 0, 0, 1, 1),(2, 0, 0, 2, 1, 2),(2, 2, 0, 2, 2, 1),(2, 0, 1, 1, 1, 1),(1, 1, 1, 2, 2, 1),(0, 0, 2, 2, 2, 2),(2, 2, 1, 2, 2, 1),(2, 1, 0, 0, 1, 1),(0, 1, 2, 1, 1, 2),(2, 1, 0, 2, 0, 1),(1, 1, 0, 0, 1, 1),(0, 2, 2, 2, 1, 1),(1, 2, 2, 0, 2, 1),(2, 2, 1, 0, 0, 2),(0, 1, 2, 2, 0, 0),(1, 1, 0, 1, 2, 0),(1, 1, 1, 1, 2, 2),(0, 1, 1, 0, 2, 0),(1, 1, 2, 2, 0, 0),(0, 2, 1, 2, 1, 2),(2, 1, 2, 1, 2, 1),(2, 0, 2, 2, 2, 2),(2, 1, 0, 0, 1, 2),(1, 2, 2, 2, 1, 1),(0, 1, 2, 0, 0, 1),(0, 0, 0, 1, 2, 1) wit=(0, 1, 0, 1, 1, 2)->(2, 2, 0, 2, 2, 1);(1, 2, 0, 2, 1, 0)->(1, 1, 0, 1, 2, 0) conj=NONCAP truth=NONCAP OK
p= 3 n=6 q=  729 d=  104 |G|= 104 deg_gs= 32 |R*|=32 R*=(1, 0, 0, 0, 0, 0),(0, 1, 1, 1, 2, 2),(1, 2, 1, 1, 0, 0),(0, 2, 1, 1, 0, 0),(2, 0, 2, 1, 0, 0),(0, 1, 0, 0, 1, 1),(2, 2, 2, 2, 1, 1),(2, 0, 1, 1, 1, 1),(0, 0, 2, 1, 0, 0),(2, 2, 1, 1, 0, 0),(0, 0, 2, 2, 2, 2),(1, 0, 1, 1, 1, 1),(2, 0, 1, 2, 0, 0),(2, 1, 0, 0, 1, 1),(2, 1, 1, 1, 2, 2),(1, 1, 0, 0, 1, 1),(2, 0, 0, 0, 0, 0),(0, 2, 2, 2, 1, 1),(2, 1, 2, 2, 0, 0),(0, 1, 2, 2, 0, 0),(1, 0, 1, 2, 0, 0),(0, 2, 0, 0, 2, 2),(1, 1, 1, 1, 2, 2),(1, 0, 2, 2, 2, 2),(0, 0, 1, 2, 0, 0),(1, 1, 2, 2, 0, 0),(0, 0, 1, 1, 1, 1),(2, 0, 2, 2, 2, 2),(1, 0, 2, 1, 0, 0),(1, 2, 0, 0, 2, 2),(1, 2, 2, 2, 1, 1),(2, 2, 0, 0, 2, 2) wit=(0, 1, 1, 1, 2, 2)->(2, 2, 2, 2, 1, 1);(1, 2, 1, 1, 0, 0)->(1, 1, 2, 2, 0, 0) conj=NONCAP truth=NONCAP OK
p= 3 n=6 q=  729 d=  182 |G|= 182 deg_gs= 56 |R*|=56 R*=(1, 0, 0, 0, 0, 0),(0, 1, 0, 1, 1, 2),(0, 1, 1, 1, 2, 2),(1, 2, 0, 2, 1, 0),(1, 2, 1, 1, 0, 0),(0, 2, 1, 1, 0, 0),(2, 2, 2, 0, 1, 0),(0, 2, 0, 1, 0, 2),(2, 0, 2, 2, 2, 1),(0, 1, 0, 0, 1, 1),(2, 2, 2, 2, 1, 1),(2, 0, 0, 2, 1, 2),(2, 2, 0, 2, 2, 1),(2, 0, 1, 1, 1, 1),(0, 2, 0, 0, 2, 1),(2, 2, 1, 1, 0, 0),(1, 1, 1, 2, 2, 1),(0, 1, 0, 0, 2, 0),(0, 0, 2, 2, 2, 2),(2, 2, 1, 2, 2, 1),(1, 0, 1, 1, 1, 1),(0, 0, 1, 1, 1, 2),(2, 1, 0, 0, 1, 1),(0, 1, 2, 1, 1, 2),(1, 2, 2, 1, 1, 2),(2, 1, 1, 1, 2, 2),(2, 1, 0, 2, 0, 1),(1, 1, 0, 0, 1, 1),(2, 0, 0, 0, 0, 0),(0, 2, 2, 2, 1, 1),(1, 2, 2, 0, 2, 1),(2, 1, 2, 2, 0, 0),(2, 0, 1, 1, 0, 1),(2, 2, 1, 0, 0, 2),(0, 1, 2, 2, 0, 0),(1, 2, 0, 1, 1, 2),(0, 2, 0, 0, 2, 2),(1, 1, 0, 1, 2, 0),(1, 1, 1, 1, 2, 2),(1, 1, 1, 0, 1, 2),(0, 1, 1, 0, 2, 0),(1, 0, 2, 2, 2, 2),(1, 1, 0, 2, 2, 1),(1, 1, 2, 2, 0, 0),(0, 2, 1, 2, 1, 2),(2, 1, 2, 1, 2, 1),(0, 0, 1, 1, 1, 1),(2, 0, 2, 2, 2, 2),(2, 1, 0, 0, 1, 2),(2, 2, 0, 0, 1, 0),(0, 0, 2, 2, 0, 2),(1, 2, 0, 0, 2, 2),(1, 2, 2, 2, 1, 1),(0, 1, 2, 0, 0, 1),(2, 2, 0, 0, 2, 2),(0, 0, 0, 1, 2, 1) wit=(0, 1, 0, 1, 1, 2)->(2, 2, 0, 2, 2, 1);(0, 1, 1, 1, 2, 2)->(2, 2, 2, 2, 1, 1) conj=NONCAP truth=NONCAP OK
p= 5 n=2 q=   25 d=    3 |G|=   3 deg_gs=  2 |R*|= 2 R*=(4, 4),(0, 1) wit=(4, 4)->(0, 1);(0, 1)->(4, 4) conj=NONCAP truth=NONCAP OK
p= 5 n=4 q=  625 d=    3 |G|=   3 deg_gs=  2 |R*|= 2 R*=(1, 0, 3, 1),(3, 0, 2, 4) wit=(1, 0, 3, 1)->(3, 0, 2, 4);(3, 0, 2, 4)->(1, 0, 3, 1) conj=NONCAP truth=NONCAP OK
p= 5 n=4 q=  625 d=   13 |G|=  13 deg_gs=  0 |R*|= 0 R*=EMPTY wit=- conj=CAP    truth=CAP    OK
p= 5 n=4 q=  625 d=   16 |G|=  16 deg_gs=  4 |R*|= 4 R*=(1, 0, 0, 0),(2, 0, 0, 0),(4, 0, 0, 0),(3, 0, 0, 0) wit=- conj=CAP    truth=CAP    OK
p= 5 n=4 q=  625 d=   26 |G|=  26 deg_gs=  2 |R*|= 2 R*=(1, 0, 0, 0),(4, 0, 0, 0) wit=- conj=CAP    truth=CAP    OK
p= 5 n=4 q=  625 d=   39 |G|=  39 deg_gs=  2 |R*|= 2 R*=(1, 0, 3, 1),(3, 0, 2, 4) wit=(1, 0, 3, 1)->(3, 0, 2, 4);(3, 0, 2, 4)->(1, 0, 3, 1) conj=NONCAP truth=NONCAP OK
p= 5 n=4 q=  625 d=   48 |G|=  48 deg_gs= 24 |R*|=24 R*=(1, 0, 0, 0),(0, 0, 1, 2),(3, 0, 4, 3),(2, 0, 4, 3),(2, 0, 3, 1),(4, 0, 4, 3),(2, 0, 0, 0),(0, 0, 2, 4),(1, 0, 3, 1),(4, 0, 3, 1),(4, 0, 1, 2),(3, 0, 3, 1),(4, 0, 0, 0),(0, 0, 4, 3),(2, 0, 1, 2),(3, 0, 1, 2),(3, 0, 2, 4),(1, 0, 1, 2),(3, 0, 0, 0),(0, 0, 3, 1),(4, 0, 2, 4),(1, 0, 2, 4),(1, 0, 4, 3),(2, 0, 2, 4) wit=(0, 0, 1, 2)->(4, 0, 4, 3);(3, 0, 4, 3)->(1, 0, 1, 2) conj=NONCAP truth=NONCAP OK
p= 5 n=4 q=  625 d=   52 |G|=  52 deg_gs=  4 |R*|= 4 R*=(1, 0, 0, 0),(2, 0, 0, 0),(4, 0, 0, 0),(3, 0, 0, 0) wit=- conj=CAP    truth=CAP    OK
p= 5 n=4 q=  625 d=   78 |G|=  78 deg_gs=  3 |R*|= 3 R*=(1, 0, 3, 1),(4, 0, 0, 0),(3, 0, 2, 4) wit=(1, 0, 3, 1)->(3, 0, 2, 4);(3, 0, 2, 4)->(1, 0, 3, 1) conj=NONCAP truth=NONCAP OK
p= 5 n=4 q=  625 d=  104 |G|= 104 deg_gs=  4 |R*|= 4 R*=(1, 0, 0, 0),(2, 0, 0, 0),(4, 0, 0, 0),(3, 0, 0, 0) wit=- conj=CAP    truth=CAP    OK
p= 7 n=2 q=   49 d=    4 |G|=   4 deg_gs=  1 |R*|= 1 R*=(6, 0) wit=- conj=CAP    truth=CAP    OK
p= 7 n=3 q=  343 d=    9 |G|=   9 deg_gs=  2 |R*|= 2 R*=(2, 0, 0),(4, 0, 0) wit=(2, 0, 0)->(4, 0, 0);(4, 0, 0)->(2, 0, 0) conj=NONCAP truth=NONCAP OK
p= 7 n=3 q=  343 d=   18 |G|=  18 deg_gs=  6 |R*|= 6 R*=(1, 0, 0),(3, 0, 0),(2, 0, 0),(6, 0, 0),(4, 0, 0),(5, 0, 0) wit=(2, 0, 0)->(4, 0, 0);(4, 0, 0)->(2, 0, 0) conj=NONCAP truth=NONCAP OK
p= 7 n=3 q=  343 d=   19 |G|=  19 deg_gs=  6 |R*|= 6 R*=(0, 4, 5),(4, 1, 4),(6, 3, 2),(4, 2, 5),(2, 5, 2),(2, 6, 3) wit=(0, 4, 5)->(6, 3, 2);(4, 1, 4)->(2, 6, 3) conj=NONCAP truth=NONCAP OK
p= 7 n=3 q=  343 d=   38 |G|=  38 deg_gs=  7 |R*|= 7 R*=(0, 4, 5),(4, 1, 4),(6, 3, 2),(6, 0, 0),(4, 2, 5),(2, 5, 2),(2, 6, 3) wit=(0, 4, 5)->(6, 3, 2);(4, 1, 4)->(2, 6, 3) conj=NONCAP truth=NONCAP OK
p= 7 n=4 q= 2401 d=    4 |G|=   4 deg_gs=  1 |R*|= 1 R*=(6, 0, 0, 0) wit=- conj=CAP    truth=CAP    OK
p= 7 n=4 q= 2401 d=    5 |G|=   5 deg_gs=  0 |R*|= 0 R*=EMPTY wit=- conj=CAP    truth=CAP    OK
p= 7 n=4 q= 2401 d=   10 |G|=  10 deg_gs=  1 |R*|= 1 R*=(6, 0, 0, 0) wit=- conj=CAP    truth=CAP    OK
p= 7 n=4 q= 2401 d=   15 |G|=  15 deg_gs=  2 |R*|= 2 R*=(2, 0, 0, 0),(4, 0, 0, 0) wit=(2, 0, 0, 0)->(4, 0, 0, 0);(4, 0, 0, 0)->(2, 0, 0, 0) conj=NONCAP truth=NONCAP OK
p= 7 n=4 q= 2401 d=   20 |G|=  20 deg_gs=  1 |R*|= 1 R*=(6, 0, 0, 0) wit=- conj=CAP    truth=CAP    OK
p= 7 n=4 q= 2401 d=   25 |G|=  25 deg_gs=  0 |R*|= 0 R*=EMPTY wit=- conj=CAP    truth=CAP    OK
p= 7 n=4 q= 2401 d=   30 |G|=  30 deg_gs=  6 |R*|= 6 R*=(1, 0, 0, 0),(3, 0, 0, 0),(2, 0, 0, 0),(6, 0, 0, 0),(4, 0, 0, 0),(5, 0, 0, 0) wit=(2, 0, 0, 0)->(4, 0, 0, 0);(4, 0, 0, 0)->(2, 0, 0, 0) conj=NONCAP truth=NONCAP OK
p= 7 n=4 q= 2401 d=   32 |G|=  32 deg_gs=  7 |R*|= 7 R*=(2, 0, 6, 5),(0, 0, 6, 5),(6, 0, 1, 2),(6, 0, 0, 0),(5, 0, 1, 2),(4, 0, 1, 2),(1, 0, 6, 5) wit=(2, 0, 6, 5)->(4, 0, 1, 2);(0, 0, 6, 5)->(6, 0, 1, 2) conj=NONCAP truth=NONCAP OK
p= 7 n=4 q= 2401 d=   40 |G|=  40 deg_gs=  1 |R*|= 1 R*=(6, 0, 0, 0) wit=- conj=CAP    truth=CAP    OK
p= 7 n=4 q= 2401 d=   50 |G|=  50 deg_gs=  2 |R*|= 2 R*=(1, 0, 0, 0),(6, 0, 0, 0) wit=- conj=CAP    truth=CAP    OK
p= 7 n=4 q= 2401 d=   60 |G|=  60 deg_gs=  6 |R*|= 6 R*=(1, 0, 0, 0),(3, 0, 0, 0),(2, 0, 0, 0),(6, 0, 0, 0),(4, 0, 0, 0),(5, 0, 0, 0) wit=(2, 0, 0, 0)->(4, 0, 0, 0);(4, 0, 0, 0)->(2, 0, 0, 0) conj=NONCAP truth=NONCAP OK
p= 7 n=4 q= 2401 d=   75 |G|=  75 deg_gs=  3 |R*|= 3 R*=(1, 0, 0, 0),(2, 0, 0, 0),(4, 0, 0, 0) wit=(2, 0, 0, 0)->(4, 0, 0, 0);(4, 0, 0, 0)->(2, 0, 0, 0) conj=NONCAP truth=NONCAP OK
p= 7 n=4 q= 2401 d=   80 |G|=  80 deg_gs= 19 |R*|=19 R*=(3, 0, 5, 6),(2, 0, 6, 5),(2, 3, 1, 1),(3, 4, 3, 6),(3, 0, 2, 1),(5, 3, 3, 2),(0, 0, 6, 5),(1, 4, 4, 5),(6, 0, 1, 2),(6, 0, 0, 0),(5, 0, 1, 2),(0, 3, 2, 0),(4, 0, 1, 2),(4, 4, 6, 6),(2, 0, 6, 1),(4, 0, 1, 6),(6, 4, 5, 0),(1, 0, 6, 5),(3, 3, 4, 1) wit=(3, 0, 5, 6)->(3, 0, 2, 1);(2, 0, 6, 5)->(4, 0, 1, 2) conj=NONCAP truth=NONCAP OK
p= 7 n=4 q= 2401 d=   96 |G|=  96 deg_gs= 48 |R*|=48 R*=(1, 0, 0, 0),(4, 0, 4, 1),(0, 0, 3, 6),(2, 0, 6, 5),(5, 0, 6, 5),(3, 0, 4, 1),(3, 0, 6, 5),(2, 0, 3, 6),(3, 0, 0, 0),(5, 0, 5, 3),(0, 0, 2, 4),(6, 0, 4, 1),(1, 0, 4, 1),(2, 0, 5, 3),(2, 0, 4, 1),(6, 0, 2, 4),(2, 0, 0, 0),(1, 0, 1, 2),(0, 0, 6, 5),(4, 0, 5, 3),(3, 0, 5, 3),(6, 0, 1, 2),(6, 0, 5, 3),(4, 0, 6, 5),(6, 0, 0, 0),(3, 0, 3, 6),(0, 0, 4, 1),(5, 0, 1, 2),(2, 0, 1, 2),(4, 0, 3, 6),(4, 0, 1, 2),(5, 0, 4, 1),(4, 0, 0, 0),(2, 0, 2, 4),(0, 0, 5, 3),(1, 0, 3, 6),(6, 0, 3, 6),(5, 0, 2, 4),(5, 0, 3, 6),(1, 0, 5, 3),(5, 0, 0, 0),(6, 0, 6, 5),(0, 0, 1, 2),(3, 0, 2, 4),(4, 0, 2, 4),(1, 0, 6, 5),(1, 0, 2, 4),(3, 0, 1, 2) wit=(4, 0, 4, 1)->(2, 0, 3, 6);(0, 0, 3, 6)->(6, 0, 4, 1) conj=NONCAP truth=NONCAP OK
p= 7 n=4 q= 2401 d=  100 |G|= 100 deg_gs=  2 |R*|= 2 R*=(1, 0, 0, 0),(6, 0, 0, 0) wit=- conj=CAP    truth=CAP    OK
p= 7 n=4 q= 2401 d=  120 |G|= 120 deg_gs= 28 |R*|=28 R*=(1, 0, 0, 0),(0, 0, 3, 6),(5, 0, 6, 5),(3, 0, 6, 5),(3, 0, 0, 0),(3, 0, 2, 1),(0, 0, 2, 4),(1, 0, 4, 1),(2, 0, 4, 1),(2, 0, 0, 0),(0, 0, 6, 5),(1, 4, 4, 5),(3, 0, 5, 3),(6, 0, 5, 3),(6, 0, 0, 0),(0, 0, 4, 1),(2, 0, 1, 2),(0, 3, 2, 0),(4, 0, 1, 2),(4, 0, 0, 0),(0, 0, 5, 3),(6, 0, 3, 6),(5, 0, 3, 6),(2, 0, 6, 1),(5, 0, 0, 0),(0, 0, 1, 2),(4, 0, 2, 4),(1, 0, 2, 4) wit=(0, 0, 2, 4)->(6, 0, 5, 3);(1, 0, 4, 1)->(5, 0, 3, 6) conj=NONCAP truth=NONCAP OK
p= 7 n=4 q= 2401 d=  150 |G|= 150 deg_gs=  6 |R*|= 6 R*=(1, 0, 0, 0),(3, 0, 0, 0),(2, 0, 0, 0),(6, 0, 0, 0),(4, 0, 0, 0),(5, 0, 0, 0) wit=(2, 0, 0, 0)->(4, 0, 0, 0);(4, 0, 0, 0)->(2, 0, 0, 0) conj=NONCAP truth=NONCAP OK
p= 7 n=4 q= 2401 d=  160 |G|= 160 deg_gs= 19 |R*|=19 R*=(3, 0, 5, 6),(2, 0, 6, 5),(2, 3, 1, 1),(3, 4, 3, 6),(3, 0, 2, 1),(5, 3, 3, 2),(0, 0, 6, 5),(1, 4, 4, 5),(6, 0, 1, 2),(6, 0, 0, 0),(5, 0, 1, 2),(0, 3, 2, 0),(4, 0, 1, 2),(4, 4, 6, 6),(2, 0, 6, 1),(4, 0, 1, 6),(6, 4, 5, 0),(1, 0, 6, 5),(3, 3, 4, 1) wit=(3, 0, 5, 6)->(3, 0, 2, 1);(2, 0, 6, 5)->(4, 0, 1, 2) conj=NONCAP truth=NONCAP OK
p= 7 n=4 q= 2401 d=  200 |G|= 200 deg_gs= 13 |R*|=13 R*=(3, 5, 1, 1),(3, 1, 6, 5),(5, 1, 5, 5),(3, 2, 6, 6),(6, 1, 6, 1),(6, 1, 3, 2),(6, 0, 0, 0),(0, 6, 1, 6),(3, 6, 1, 2),(1, 5, 4, 0),(5, 2, 3, 0),(0, 6, 4, 5),(1, 6, 2, 2) wit=(3, 5, 1, 1)->(3, 2, 6, 6);(3, 1, 6, 5)->(3, 6, 1, 2) conj=NONCAP truth=NONCAP OK
p= 7 n=4 q= 2401 d=  240 |G|= 240 deg_gs= 60 |R*|=60 R*=(1, 0, 0, 0),(4, 0, 4, 1),(3, 0, 5, 6),(0, 0, 3, 6),(2, 0, 6, 5),(5, 0, 6, 5),(3, 0, 4, 1),(3, 0, 6, 5),(2, 3, 1, 1),(2, 0, 3, 6),(3, 4, 3, 6),(3, 0, 0, 0),(5, 0, 5, 3),(3, 0, 2, 1),(0, 0, 2, 4),(6, 0, 4, 1),(1, 0, 4, 1),(5, 3, 3, 2),(2, 0, 5, 3),(2, 0, 4, 1),(6, 0, 2, 4),(2, 0, 0, 0),(1, 0, 1, 2),(0, 0, 6, 5),(4, 0, 5, 3),(1, 4, 4, 5),(3, 0, 5, 3),(6, 0, 1, 2),(6, 0, 5, 3),(4, 0, 6, 5),(6, 0, 0, 0),(3, 0, 3, 6),(0, 0, 4, 1),(5, 0, 1, 2),(2, 0, 1, 2),(0, 3, 2, 0),(4, 0, 3, 6),(4, 0, 1, 2),(5, 0, 4, 1),(4, 0, 0, 0),(2, 0, 2, 4),(0, 0, 5, 3),(1, 0, 3, 6),(4, 4, 6, 6),(6, 0, 3, 6),(5, 0, 2, 4),(5, 0, 3, 6),(2, 0, 6, 1),(1, 0, 5, 3),(5, 0, 0, 0),(4, 0, 1, 6),(6, 0, 6, 5),(6, 4, 5, 0),(0, 0, 1, 2),(3, 0, 2, 4),(4, 0, 2, 4),(1, 0, 6, 5),(1, 0, 2, 4),(3, 3, 4, 1),(3, 0, 1, 2) wit=(4, 0, 4, 1)->(2, 0, 3, 6);(3, 0, 5, 6)->(3, 0, 2, 1) conj=NONCAP truth=NONCAP OK
p= 7 n=4 q= 2401 d=  300 |G|= 300 deg_gs=  6 |R*|= 6 R*=(1, 0, 0, 0),(3, 0, 0, 0),(2, 0, 0, 0),(6, 0, 0, 0),(4, 0, 0, 0),(5, 0, 0, 0) wit=(2, 0, 0, 0)->(4, 0, 0, 0);(4, 0, 0, 0)->(2, 0, 0, 0) conj=NONCAP truth=NONCAP OK
p=11 n=2 q=  121 d=    3 |G|=   3 deg_gs=  2 |R*|= 2 R*=(5, 8),(5, 3) wit=(5, 8)->(5, 3);(5, 3)->(5, 8) conj=NONCAP truth=NONCAP OK
p=11 n=2 q=  121 d=    4 |G|=   4 deg_gs=  1 |R*|= 1 R*=(10, 0) wit=- conj=CAP    truth=CAP    OK
p=11 n=2 q=  121 d=    6 |G|=   6 deg_gs=  3 |R*|= 3 R*=(5, 8),(10, 0),(5, 3) wit=(5, 8)->(5, 3);(5, 3)->(5, 8) conj=NONCAP truth=NONCAP OK
p=11 n=2 q=  121 d=    8 |G|=   8 deg_gs=  1 |R*|= 1 R*=(10, 0) wit=- conj=CAP    truth=CAP    OK
p=11 n=3 q= 1331 d=    7 |G|=   7 deg_gs=  0 |R*|= 0 R*=EMPTY wit=- conj=CAP    truth=CAP    OK
p=11 n=3 q= 1331 d=   14 |G|=  14 deg_gs=  1 |R*|= 1 R*=(10, 0, 0) wit=- conj=CAP    truth=CAP    OK
p=11 n=3 q= 1331 d=   19 |G|=  19 deg_gs=  0 |R*|= 0 R*=EMPTY wit=- conj=CAP    truth=CAP    OK
p=11 n=3 q= 1331 d=   35 |G|=  35 deg_gs=  3 |R*|= 3 R*=(1, 0, 0),(5, 0, 0),(9, 0, 0) wit=- conj=CAP    truth=CAP    OK
p=11 n=3 q= 1331 d=   38 |G|=  38 deg_gs=  1 |R*|= 1 R*=(10, 0, 0) wit=- conj=CAP    truth=CAP    OK
p=11 n=3 q= 1331 d=   70 |G|=  70 deg_gs= 10 |R*|=10 R*=(1, 0, 0),(7, 0, 0),(5, 0, 0),(2, 0, 0),(3, 0, 0),(10, 0, 0),(4, 0, 0),(6, 0, 0),(9, 0, 0),(8, 0, 0) wit=(7, 0, 0)->(3, 0, 0);(2, 0, 0)->(8, 0, 0) conj=NONCAP truth=NONCAP OK
p=11 n=3 q= 1331 d=   95 |G|=  95 deg_gs= 21 |R*|=21 R*=(1, 0, 0),(6, 10, 10),(4, 0, 1),(10, 6, 8),(5, 0, 0),(3, 1, 7),(0, 5, 3),(7, 1, 0),(1, 6, 10),(4, 1, 1),(3, 10, 0),(6, 2, 5),(8, 3, 9),(2, 8, 2),(7, 10, 4),(3, 4, 5),(4, 9, 6),(9, 0, 0),(6, 0, 10),(7, 7, 6),(9, 5, 1) wit=(6, 10, 10)->(4, 1, 1);(4, 0, 1)->(6, 0, 10) conj=NONCAP truth=NONCAP OK
p=13 n=2 q=  169 d=    7 |G|=   7 deg_gs=  0 |R*|= 0 R*=EMPTY wit=- conj=CAP    truth=CAP    OK
p=13 n=2 q=  169 d=    8 |G|=   8 deg_gs=  1 |R*|= 1 R*=(12, 0) wit=- conj=CAP    truth=CAP    OK
p=13 n=3 q= 2197 d=    9 |G|=   9 deg_gs=  2 |R*|= 2 R*=(3, 0, 0),(9, 0, 0) wit=(3, 0, 0)->(9, 0, 0);(9, 0, 0)->(3, 0, 0) conj=NONCAP truth=NONCAP OK
p=13 n=3 q= 2197 d=   18 |G|=  18 deg_gs=  3 |R*|= 3 R*=(3, 0, 0),(12, 0, 0),(9, 0, 0) wit=(3, 0, 0)->(9, 0, 0);(9, 0, 0)->(3, 0, 0) conj=NONCAP truth=NONCAP OK
p=13 n=3 q= 2197 d=   36 |G|=  36 deg_gs= 12 |R*|=12 R*=(1, 0, 0),(11, 0, 0),(4, 0, 0),(5, 0, 0),(3, 0, 0),(7, 0, 0),(12, 0, 0),(2, 0, 0),(9, 0, 0),(8, 0, 0),(10, 0, 0),(6, 0, 0) wit=(4, 0, 0)->(8, 0, 0);(5, 0, 0)->(7, 0, 0) conj=NONCAP truth=NONCAP OK
p=13 n=3 q= 2197 d=   61 |G|=  61 deg_gs=  6 |R*|= 6 R*=(10, 7, 6),(10, 10, 10),(2, 6, 7),(0, 9, 10),(12, 4, 3),(2, 3, 3) wit=(10, 7, 6)->(2, 6, 7);(10, 10, 10)->(2, 3, 3) conj=NONCAP truth=NONCAP OK
p=13 n=3 q= 2197 d=  122 |G|= 122 deg_gs=  7 |R*|= 7 R*=(10, 7, 6),(10, 10, 10),(2, 6, 7),(12, 0, 0),(0, 9, 10),(12, 4, 3),(2, 3, 3) wit=(10, 7, 6)->(2, 6, 7);(10, 10, 10)->(2, 3, 3) conj=NONCAP truth=NONCAP OK
p=17 n=2 q=  289 d=    3 |G|=   3 deg_gs=  2 |R*|= 2 R*=(16, 16),(0, 1) wit=(16, 16)->(0, 1);(0, 1)->(16, 16) conj=NONCAP truth=NONCAP OK
p=17 n=2 q=  289 d=    6 |G|=   6 deg_gs=  3 |R*|= 3 R*=(16, 16),(16, 0),(0, 1) wit=(16, 16)->(0, 1);(0, 1)->(16, 16) conj=NONCAP truth=NONCAP OK
p=17 n=2 q=  289 d=    9 |G|=   9 deg_gs=  2 |R*|= 2 R*=(16, 16),(0, 1) wit=(16, 16)->(0, 1);(0, 1)->(16, 16) conj=NONCAP truth=NONCAP OK
p=17 n=2 q=  289 d=   12 |G|=  12 deg_gs=  3 |R*|= 3 R*=(16, 16),(16, 0),(0, 1) wit=(16, 16)->(0, 1);(0, 1)->(16, 16) conj=NONCAP truth=NONCAP OK
p=19 n=2 q=  361 d=    4 |G|=   4 deg_gs=  1 |R*|= 1 R*=(18, 0) wit=- conj=CAP    truth=CAP    OK
p=19 n=2 q=  361 d=    5 |G|=   5 deg_gs=  0 |R*|= 0 R*=EMPTY wit=- conj=CAP    truth=CAP    OK
p=19 n=2 q=  361 d=    8 |G|=   8 deg_gs=  1 |R*|= 1 R*=(18, 0) wit=- conj=CAP    truth=CAP    OK
p=19 n=2 q=  361 d=   10 |G|=  10 deg_gs=  1 |R*|= 1 R*=(18, 0) wit=- conj=CAP    truth=CAP    OK
p=19 n=2 q=  361 d=   12 |G|=  12 deg_gs=  3 |R*|= 3 R*=(11, 0),(18, 0),(7, 0) wit=(11, 0)->(7, 0);(7, 0)->(11, 0) conj=NONCAP truth=NONCAP OK
p=19 n=2 q=  361 d=   15 |G|=  15 deg_gs=  2 |R*|= 2 R*=(11, 0),(7, 0) wit=(11, 0)->(7, 0);(7, 0)->(11, 0) conj=NONCAP truth=NONCAP OK
SUMMARY: {'witness': 43, 'certificate': 32, 'FP': 0, 'FN': 0, 'rows': 75}
CERT: {'one': 12, 'zero': 20, 'm2': 9, 'mhalf': 9, 'other_false': 26, 'size_hist': {2: 7, 4: 4, 0: 7, 1: 13, 3: 1}, 'decomp_ok': 27, 'decomp_bad': 5}
