# n=9 |C|=64 track=reduce_deep
1 0 0 0 0 0 0 0 0
1 1 1 0 1 0 0 0 0
0 0 0 1 1 0 0 0 0
0 0 1 1 1 0 0 0 0
1 0 1 0 0 1 0 0 0
0 1 0 1 0 1 0 0 0
0 1 1 1 0 1 0 0 0
1 1 0 0 1 1 0 0 0
0 1 0 0 0 0 1 0 0
0 1 1 0 0 0 1 0 0
1 0 1 1 0 0 1 0 0
1 1 0 1 1 0 1 0 0
0 0 0 0 1 1 1 0 0
1 1 1 0 1 1 1 0 0
0 0 0 1 1 1 1 0 0
0 0 1 1 1 1 1 0 0
0 0 1 0 0 0 0 1 0
1 1 0 1 0 0 0 1 0
1 1 1 1 0 0 0 1 0
0 1 0 0 1 0 0 1 0
0 0 0 0 0 1 0 1 0
0 1 1 0 1 1 0 1 0
1 0 0 1 1 1 0 1 0
1 0 1 1 1 1 0 1 0
0 0 0 1 0 0 1 1 0
1 0 0 0 1 0 1 1 0
1 0 1 0 1 0 1 1 0
0 1 1 1 1 0 1 1 0
1 1 0 0 0 1 1 1 0
0 0 1 0 0 1 1 1 0
1 1 0 1 0 1 1 1 0
1 1 1 1 0 1 1 1 0
0 1 0 0 0 0 0 0 1
1 0 1 0 0 0 0 0 1
0 0 0 1 1 0 0 0 1
1 1 1 1 1 0 0 0 1
1 0 0 0 0 1 0 0 1
1 0 0 1 0 1 0 0 1
0 0 1 0 1 1 0 0 1
1 1 1 1 1 1 0 0 1
0 1 0 1 0 0 1 0 1
0 1 1 1 0 0 1 0 1
1 1 0 0 1 0 1 0 1
0 0 1 0 1 0 1 0 1
1 0 0 0 0 1 1 0 1
0 1 1 0 0 1 1 0 1
1 0 0 1 0 1 1 0 1
1 1 1 1 1 1 1 0 1
1 1 0 1 0 0 0 1 1
0 0 1 1 0 0 0 1 1
1 0 0 0 1 0 0 1 1
0 1 1 0 1 0 0 1 1
1 1 1 0 0 1 0 1 1
0 0 1 1 0 1 0 1 1
0 1 0 0 1 1 0 1 1
0 1 0 1 1 1 0 1 1
0 0 0 0 0 0 1 1 1
1 1 1 0 0 0 1 1 1
1 0 0 1 1 0 1 1 1
1 0 1 1 1 0 1 1 1
0 0 1 1 0 1 1 1 1
0 1 0 0 1 1 1 1 1
1 0 1 0 1 1 1 1 1
0 1 0 1 1 1 1 1 1
