Z_j computed from 2001052 zeros, j=1..320
first zero gamma_1 = 14.1347251420  ->  model saddle j ~ n/(1+gamma_1) = n/15.1347

--------------------------------------------------------------------------------------------
n = 60 :  full summand table   T_j = (-1)^{j+1} C(n,j) Z_j
--------------------------------------------------------------------------------------------
    j T_j                        partial sum               
    1 1.385632059905913          1.385632059905913         
    2 81.68662340795829          83.0722554678642          
    3 -3.803834680076291         79.26842078778791         
    4 -35.90321003792753         43.36521074986038         
    5 3.905490943217727          47.27070169307811         
    6 14.08979337509065          61.36049506816876         
    7 -1.766584275163126         59.59391079300563         
    8 -3.246552397768539         56.34735839523709         
    9 0.4179840681766579         56.76534246341375         
   10 0.4521918784366043         57.21753434185035         
   11 -0.05793992498550086       57.15959441686485         
   12 -0.04021498620232565       57.11937943066253         
   15 -0.0002974261140653148     57.12655501969116         
   20 -6.213987484036644e-8      57.12647088387993         
   25 1.382608133438138e-12      57.12647089217694         
   30 3.513311938358947e-18      57.12647089217703         
   35 -5.274639753680291e-24     57.12647089217703         
   40 -1.240592120471925e-31     57.12647089217703         
   45 1.785056917801222e-38      57.12647089217703         
   50 -8.758367036292231e-48     57.12647089217703         
   55 -5.327219854389392e-57     57.12647089217703         
   60 9.688773555732085e-70      57.12647089217703         
   lambda_n = 57.12647089217703    sum|T_j| = 146.763936602    cancellation = 2.5691056 (= 0.409782 digits)

--------------------------------------------------------------------------------------------
n = 200 :  full summand table   T_j = (-1)^{j+1} C(n,j) Z_j
--------------------------------------------------------------------------------------------
    j T_j                        partial sum               
    1 4.618773533019711          4.618773533019711         
    2 918.3976304058587          923.0164039388784         
    3 -145.9952211809527         777.0211827579258         
    4 -4762.573125683842         -3985.551942925916        
    5 1813.226495957469          -2172.325446968448        
    6 23192.78850835834          21020.4630613899          
    7 -10446.97785015594         10573.48521123395         
    8 -69913.35918464676         -59339.8739734128         
    9 33234.9757800602           -26104.8981933526         
   10 134654.7218530513          108549.8236596987         
   11 -65563.23200300837         42986.59165669031         
   12 -175523.8248141077         -132537.2331574174        
   13 86851.29834004707          -45685.9348173703         
   14 162724.2883022769          117038.3534849066         
   15 -81798.00656790542         35240.34691700118         
   16 -111609.0146894484         -76368.66777244721        
   17 57150.89795820105          -19217.76981424616        
   18 58421.01218975736          39203.2423755112          
   19 -30605.67528670648         8597.56708880472          
   20 -23919.81454688229         -15322.24745807757        
   21 12890.38095514899          -2431.866502928583        
   22 7812.94028025664           5381.073777328058         
   23 -4359.452578292038         1021.62119903602          
   24 -2068.246008697373         -1046.624809661353        
   25 1204.219329909601          157.5945202482472         
   26 449.3728853578642          606.9674056061114         
   27 -275.5899964860957         331.3774091200157         
   30 12.17050452583806          315.5000465937377         
   35 -0.1429682973875261        306.5819159061464         
   40 -6.067519563388843e-5      306.5820107456708         
   45 4.619635118965445e-7       306.5821128499705         
   50 -5.272378177261123e-11     306.5821128203592         
   55 -7.528555904225593e-14     306.5821128203097         
   60 6.821385720260027e-18      306.5821128203097         
   65 8.682385769100739e-22      306.5821128203097         
   70 -4.625187785934271e-26     306.5821128203097         
   75 -8.109785555885585e-31     306.5821128203097         
   80 2.827956291311742e-35      306.5821128203097         
   85 4.138836419436437e-41      306.5821128203097         
   90 -1.881058847314119e-45     306.5821128203097         
   95 1.516406301656542e-51      306.5821128203097         
  100 1.470085719228851e-56      306.5821128203097         
  105 -1.185771396287849e-62     306.5821128203097         
  110 -1.345097929313205e-68     306.5821128203097         
  115 7.412169903048602e-75      306.5821128203097         
  120 1.276766317548439e-81      306.5821128203097         
  125 -4.895728960706233e-88     306.5821128203097         
  130 -6.288286429882017e-96     306.5821128203097         
  135 3.35347477749315e-102      306.5821128203097         
  140 -2.771128246718367e-110    306.5821128203097         
  145 -2.084719180656572e-117    306.5821128203097         
  150 1.319557945401272e-125     306.5821128203097         
  155 9.120358249796399e-134     306.5821128203097         
  160 -2.704983677246311e-142    306.5821128203097         
  165 -1.756477118692655e-151    306.5821128203097         
  170 2.005289616223881e-160     306.5821128203097         
  175 3.864802774209861e-171     306.5821128203097         
  180 -2.551379863568773e-180    306.5821128203097         
  185 1.047288078371158e-191     306.5821128203097         
  190 1.008339153949964e-202     306.5821128203097         
  195 -1.274468525743939e-215    306.5821128203097         
  200 -1.089729594837275e-230    306.5821128203097         
   lambda_n = 306.5821128203097    sum|T_j| = 1162472.55229    cancellation = 3791.7168 (= 3.57884 digits)

--------------------------------------------------------------------------------------------
n = 300 :  full summand table   T_j = (-1)^{j+1} C(n,j) Z_j
--------------------------------------------------------------------------------------------
    j T_j                        partial sum               
    1 6.928160299529567          6.928160299529567         
    2 2069.855966015214          2076.784126314744         
    3 -495.2210369143157         1581.563089400428         
    4 -24355.23503177139         -22773.67194237096        
    5 14003.55702470011          -8770.114917670856        
    6 270973.4120944645          262203.2971767937         
    7 -184973.7012258007         77229.59595099298         
    8 -1879272.651394258         -1802043.055443265        
    9 1358646.935190628          -443396.1202526366        
   10 8386726.022455184          7943329.902202548         
   11 -6232691.339152687         1710638.563049861         
   12 -25514518.56879232         -23803880.00574246        
   13 19340257.75059143          -4463622.255151034        
   14 55613293.26616071          51149671.01100967         
   15 -42985505.83243106         8164165.178578609         
   16 -90354903.70810741         -82190738.5295288         
   17 71412794.61963569          -10777943.90989311        
   18 112890499.1604984          102112555.2506053         
   19 -91636396.50641296         10476158.74419229         
   20 -111186379.7386541         -100710220.9944618        
   21 93206255.36272465          -7503965.631737154        
   22 88053167.79831191          80549202.16657476         
   23 -76733892.87741414         3815309.289160615         
   24 -56972328.69766029         -53157019.40849968        
   25 52019213.87344408          -1137805.535055599        
   26 30504204.21991617          29366398.68486058         
   27 -29458972.80856042         -92574.12369984433        
   28 -13651859.73890484         -13744433.86260468        
   29 14107103.13319944          362669.2705947611         
   30 5145089.265287686          5507758.535882447         
   31 -5772420.728420292         -264662.1925378449        
   32 -1640542.836209509         -1905205.028747354        
   33 2036585.294367008          131380.2656196542         
   34 443074.4019240015          574454.6675436557         
   35 -624450.9724637679         -49996.30492011221        
   36 -100933.9024156344         -150930.2073357466        
   37 167555.6255390635          16625.41820331691         
   40 -2898.416858573262         -6740.212532066506        
   45 256.2269447018046          557.2873178108499         
   50 -0.3615996263076556        520.0462269912251         
   55 -0.00682255055416393       519.5348603232063         
   60 8.76048790801252e-6        519.536245616278          
   65 1.701609163997134e-8       519.5362485619952         
   70 -1.496078144292237e-11     519.5362485573346         
   75 -4.704889655025533e-15     519.5362485573329         
   80 3.214484985587663e-18      519.5362485573329         
   85 1.012744001074084e-22      519.5362485573329         
   90 -1.095599476231824e-25     519.5362485573329         
   95 2.340986527411992e-30      519.5362485573329         
  100 6.751061700256012e-34      519.5362485573329         
  105 -1.833988932634847e-38     519.5362485573329         
  110 -8.011507875251928e-43     519.5362485573329         
  115 1.965624870853342e-47      519.5362485573329         
  120 1.765152037944447e-52      519.5362485573329         
  125 -4.191828844792428e-57     519.5362485573329         
  130 -4.027817273553229e-63     519.5362485573329         
  135 1.97891515304633e-67       519.5362485573329         
  140 -1.89797128543891e-73      519.5362485573329         
  145 -2.144790518323466e-78     519.5362485573329         
  150 2.725990458047007e-84      519.5362485573329         
  155 5.260828995357472e-90      519.5362485573329         
  160 -6.362299831981572e-96     519.5362485573329         
  165 -2.617947650238774e-102    519.5362485573329         
  170 3.191967255040396e-108     519.5362485573329         
  175 1.235695772718229e-115     519.5362485573329         
  180 -3.600976581356617e-121    519.5362485573329         
  185 1.816939193256462e-128     519.5362485573329         
  190 8.940595015462459e-135     519.5362485573329         
  195 -5.488323485379044e-142    519.5362485573329         
  200 -4.531369682288262e-149    519.5362485573329         
  205 2.448321944038362e-156     519.5362485573329         
  210 3.904642008163611e-164     519.5362485573329         
  215 -1.934273973078234e-171    519.5362485573329         
  220 -2.113344933157555e-180    519.5362485573329         
  225 2.59453545068197e-187      519.5362485573329         
  230 -4.260603229030693e-196    519.5362485573329         
  235 -5.199356570821343e-204    519.5362485573329         
  240 7.846659030313922e-213     519.5362485573329         
  245 1.252682295678713e-221     519.5362485573329         
  250 -1.189762048729499e-230    519.5362485573329         
  255 -2.455196156362366e-240    519.5362485573329         
  260 1.36431808681715e-249      519.5362485573329         
  265 8.48321562215435e-261      519.5362485573329         
  270 -7.680744751876016e-270    519.5362485573329         
  275 4.541989937881628e-281     519.5362485573329         
  280 9.300537861063446e-292     519.5362485573329         
  285 0.0                        519.5362485573329         
  290 0.0                        519.5362485573329         
  295 0.0                        519.5362485573329         
  300 0.0                        519.5362485573329         
   lambda_n = 519.5362485573329    sum|T_j| = 1109998470.91    cancellation = 2136517.9 (= 6.32971 digits)

======================================================================================================================
TASK 3   saddle location and cancellation, by n
======================================================================================================================
    n  j_peak    j_bar   j_peak/n      |T_jpeak|       sum|T_j|     cancel     digits
   20       2     2.05     0.1000        8.76862        9.73646    1.11039       0.05
   40       2     2.44     0.0500        35.9975        46.4953    1.52572       0.18
   60       2     3.21     0.0333        81.6866        146.764    2.56911       0.41
   80       2     4.44     0.0250        145.836        446.851    5.19896       0.72
  100       6     5.96     0.0600        335.487        1463.57    12.3419       1.09
  150      10     9.80     0.0667        7014.65        38221.1    184.078       2.27
  200      12    13.27     0.0600       175524.0     1.16247e+6    3791.72       3.58
  300      18    19.85     0.0600      1.1289e+8        1.11e+9 2.13652e+6       6.33

observed peak index vs n/(1+gamma_1):
   n=20    j_peak=2      n/(1+gamma_1)=   1.321   n/j_peak=10.0000  (1+gamma_1=15.1347)
   n=40    j_peak=2      n/(1+gamma_1)=   2.643   n/j_peak=20.0000  (1+gamma_1=15.1347)
   n=60    j_peak=2      n/(1+gamma_1)=   3.964   n/j_peak=30.0000  (1+gamma_1=15.1347)
   n=80    j_peak=2      n/(1+gamma_1)=   5.286   n/j_peak=40.0000  (1+gamma_1=15.1347)
   n=100   j_peak=6      n/(1+gamma_1)=   6.607   n/j_peak=16.6667  (1+gamma_1=15.1347)
   n=150   j_peak=10     n/(1+gamma_1)=   9.911   n/j_peak=15.0000  (1+gamma_1=15.1347)
   n=200   j_peak=12     n/(1+gamma_1)=  13.215   n/j_peak=16.6667  (1+gamma_1=15.1347)
   n=300   j_peak=18     n/(1+gamma_1)=  19.822   n/j_peak=16.6667  (1+gamma_1=15.1347)

precision budget of the arithmetic route (decimal digits):
   part 1: Z_j from 1-(1-2^-j)z(j)+(-1)^j eta_{j-1} loses  D1(j)=log10(14/3)*j = 0.6690*j digits
   part 2: the transform itself loses         D2(n)=log10(sum|T_j|/|lambda_n|)
    n   j_peak    D1(jpk)      D2(n)      total
   20        2        1.3       0.05        1.4
   40        2        1.3       0.18        1.5
   60        2        1.3       0.41        1.7
   80        2        1.3       0.72        2.1
  100        6        4.0       1.09        5.1
  150       10        6.7       2.27        9.0
  200       12        8.0       3.58       11.6
  300       18       12.0       6.33       18.4

(D1 uses the AR1-verified cancellation ratio  |Z_j| / |pieces| ~ (3/14)^j ;
 cf. AR1 table: j=25 gives 16.6 digits, i.e. 0.664*j.)
