[pyguard] mem=800MB load=0.63/1cores slots=1/2 script=scripts/SUBSPACE_LP_2026-09-28_level_m_bound.py
==============================================================================
n = 9   volume/sphere bound 2^n/(n+1) = 51.200000
  m   t=2^m  s=2^(n-m)           L(m)     L(m)-vol  status
  1       2        256      51.200000     0.000000       0
  2       4        128      51.200000     0.000000       0
  3       8         64      51.200000     0.000000       0
  4      16         32      51.200000    -0.000000       0
  5      32         16      51.200000     0.000000       0
  6      64          8      51.200000     0.000000       0
  7     128          4      51.200000    -0.000000       0
  8     256          2      51.200000     0.000000       0
  9     512          1      51.200000     0.000000       0

==============================================================================
n = 10   volume/sphere bound 2^n/(n+1) = 93.090909
  m   t=2^m  s=2^(n-m)           L(m)     L(m)-vol  status
  1       2        512      93.090909     0.000000       0
  2       4        256      93.090909    -0.000000       0
  3       8        128      93.090909     0.000000       0
  4      16         64      93.090909     0.000000       0
  5      32         32      93.090909    -0.000000       0
  6      64         16      93.090909    -0.000000       0
  7     128          8      93.090909     0.000000       0
  8     256          4      93.090909    -0.000000       0
  9     512          2      93.090909     0.000000       0
 10    1024          1      93.090909     0.000000       0

